8 1133.19
16 1338.75
24 1414.8
40 1610.85
48 1683.12
72 1909.49
88 1844.92
112 1879.83
128 1939.95
168 2121.86
184 2141.29
232 2185.73
256 2239.63
288 2391.27
320 2425.1
384 2440.57
408 2472.12
480 2508.69
512 2564.28
560 2699.28
600 2839.92
688 2751.86
720 2740.98
800 2772.47
848 2792.09
920 2813.21
968 2826.57
1080 3013.91
1112 3019.53
1232 3037.11
1296 3048.01
1376 3047.37
1440 3043.91
1536 3078.57
1584 3081.47
1728 3103.22
1800 3118.56
1896 3133.77
1960 3140.1
2120 3342.21
2168 3345.12
2336 3363.65
2416 3365.64
2512 3379.84
2600 3400.1
2784 3400.36
2848 3416.51
3016 3424.13
3096 3426.1
3224 3451.08
3320 3453.68
3528 3487.18
3600 3500.2
3760 3490.77
3856 3500.93
4000 3616.89
4112 3689.1
4344 3691.5
4408 3711.13
4648 3728.57
4768 3736.67
4912 3742.63
5040 3748.1
5232 3737.94
5312 3738.21
5576 3765.6
5704 3772
5880 3768.19
5976 3779.41
6256 3787.47
6352 3789.55
6640 3818.93
6784 3837.04
6944 3837.58
7088 3837.68
7328 3838.93
7424 3843.44
7736 3862.48
7864 3878.24
8080 3879.89
8240 4081.05
8568 4090.22
8664 4103.81
8920 4195.68
9088 4117.4
9312 4114.28
9472 4129.92
9824 4137.75
9920 4131.64
10208 4146.57
10384 4150.3
10624 4161.28
10808 4147.89
11096 4160.56
11224 4171.58
11608 4177.58
11776 4175.22
12016 4182.77
12176 4203.28
12576 4197.51
12704 4206.9
13112 4273.28
13304 4225.18
13496 4240.14
13704 4368.93
14128 4238.19
14272 4243.55
14704 4250.66
14864 4263.42
15152 4266.78
15344 4268.48
15792 4277.26
15936 4292.75
16288 4296.81
16512 4518.8
16800 4571.12
17032 4524.67
17416 4526.89
17544 4529.63
17984 4532.62
18224 4556.04
18544 4542.89
18784 4564.06
19184 4553.6
19328 4569.49
19832 4569.27
20088 4571.96
20424 4580.69
20616 4592.04
21136 4595.9
21296 4664.09
21728 4604.72
21992 4663.87
22280 4610.52
22536 4684.91
23080 4617.85
23256 4649.79
23808 4623.1
24000 4629.14
24368 4634.33
24648 4647.07
25128 4665.38
25320 4669.43
25768 4656.9
26056 4662.33
26392 4677.87
26680 4676.69
27272 4697.62
27432 4684.39
28032 4683.69
28320 4695.91
28704 4703.7
28944 4710.84
29424 4699.03
29616 4726.78
30240 4738.7
30552 4737.06
30968 4745.38
31224 4748.7
31752 4801.19
31968 4772.13
32616 4827.84
32936 5067.32
33256 5035.34
33584 5002.31
34248 5032.73
34440 5007.87
35064 5040.77
35320 5014.92
35752 5032.78
36088 5019.05
36776 5028.51
37000 5037.05
37480 5128.61
37800 5047.46
38264 5111.72
38616 5049.03
39328 5071.74
39520 5052.63
40240 5072.16
40528 5061.89
41008 5097.37
41360 5087.57
41936 5108.65
42176 5103.51
42816 5134.54
43184 5132.81
43616 5144.78
43904 5149.28
44664 5121.98
44920 5123.92
45688 5130.27
46072 5135.35
46456 5133.88
46792 5159.59
47576 5143.05
47816 5149.83
48608 5162.86
48928 5186.81
49456 5176.32
49856 5197.48
50528 5178.38
50784 5201.98
51424 5194.34
51832 5206.22
52360 5195.62
52744 5246.62
53464 5184.67
53656 5215.5
54496 5220.19
54912 5268.17
55472 5214.49
55896 5246.33
56568 5225.95
56856 5229.01
57576 5360.19
58008 5233.88
58584 5235.02
58904 5253.03
59672 5251.7
59960 5245.9
60848 5269.59
61232 5257.34
61712 5264.8
62160 5261.46
63064 5276.41
63352 5272.73
64264 5322.1
64616 5346.33
65096 5416.95
65544 5907.67
66472 5606.56
66760 5615.43
67496 5589.41
67960 5600.34
68584 5548.78
68968 5597.19
69920 5627.66
70176 5608.92
71136 5723.98
71576 5572.51
72224 5584.68
72704 5574.05
73376 5601.61
73696 5595.07
74560 5611.6
75040 5615.63
75696 5592.46
76096 5618.73
77096 5610.83
77384 5608.82
78264 5593.75
78768 5623.98
79280 5592.25
79792 5604.02
80816 5605.42
81152 5605.22
82016 5635.17
82400 5613.22
83072 5617.43
83592 5673.27
84640 5660.01
84960 5634.6
85792 5648.8
86224 5654.74
86928 5712.8
87456 5759.83
88528 5648.66
88816 5664.29
89896 5653.63
90408 5656.96
90984 5666.15
91528 5667.93
92328 5662.79
92680 5674.47
93784 5697.91
94336 5714.69
95056 5682.51
95440 5697.39
96560 5697
96928 5701.21
98056 5774.43
98616 5788.09
99192 5730.93
99672 5742.86
100632 5747.84
101016 5813.12
102104 5772.81
102552 5777.81
103320 5730.43
103896 5736.95
105064 5773.36
105400 5745.65
106328 5740.04
106904 5750.7
107624 5754.36
108216 5760.18
109272 5776.26
109592 5760.9
110600 5758.69
111200 5743.44
112000 5754.9
112576 5761.43
113536 5779.09
113920 5895.95
115144 5764.59
115624 5776.82
116440 5836.94
116920 5813.05
118160 5821.44
118544 5851.71
119792 5817.42
120416 5821.56
120992 5866.82
121616 5825.17
122880 5930.76
123296 5939.35
124416 5829.6
124928 5849.48
125776 5872.25
126304 5847.7
127456 5831.84
127888 5851.24
128848 5875.41
129496 5939.49
130360 5986.37
131000 6117.89
132104 6323.14
132424 6266.87
133744 6219.03
134400 6170.79
135264 6220.82
135928 6209.6
136984 6192.03
137368 6186.03
138712 6193.03
139336 6179.1
140232 6196.97
140744 6192.14
141944 6185.75
142376 6207.66
143552 6190.53
144224 6172.71
144928 6199.33
145616 6209.88
147000 6235.37
147448 6344.7
148840 6227.47
149320 6291.03
150184 6253.86
150824 6220.45
152232 6267.24
152696 6222.88
153816 6212.65
154520 6214.7
155288 6229.95
156000 6206.6
157432 6285.72
157816 6278.95
159184 6233.11
159904 6218.42
160784 6240.88
161360 6253.45
162512 6238.31
162992 6207.14
164456 6294.77
165160 6287.5
166120 6268.98
166696 6259.92
167944 6283.48
168424 6329.03
169912 6243.6
170552 6248.79
171352 6294.26
172088 6239.26
173432 6250.7
173864 6333.63
175376 6349.12
175952 6296.45
176960 6256.12
177720 6264.67
179248 6250.81
179760 6259.88
180720 6273.45
181488 6287.02
182496 6302.16
183264 6253.47
184816 6265.49
185200 6279.58
186608 6292.34
187280 6304.83
188320 6260.42
189104 6302.86
190352 6290.3
190832 6375.19
192416 6357.06
193208 6284.37
194072 6296.28
194712 6296.89
196312 6450.83
196840 6470.7
198280 6408.82
199080 6341.12
199944 6393.5
200616 6329.64
202056 6382.22
202568 6404.5
204200 6399.41
204840 6426.71
205928 6391.22
206744 6377.75
208136 6494.28
208664 6481.05
209976 6417.17
210744 6351.7
211848 6354.38
212568 6376.4
214240 6376.28
214624 6389.69
216304 6344.56
217144 6346.64
218248 6371.66
219080 6347.27
220360 6366.87
220920 6377.57
222360 6381.99
223208 6497.42
224168 6431.72
224840 6491.42
226560 6409.86
227136 6470.11
228864 6458.77
229584 6461.39
230480 6435.18
231344 6380.24
232928 6454.23
233504 6434.52
235256 6416.06
235896 6402.97
236904 6428.73
237672 6493.94
239440 6454.02
240016 6559.9
241424 6399.69
242312 6407.92
243496 6429.99
244264 6424.51
246056 6422.21
246536 6447.61
248136 6430.67
249032 6487.96
250232 6475.65
251136 6423.56
252288 6451.91
252864 6428.79
254688 6456.16
255600 6464.84
256752 6492.55
257456 6505.64
259296 6519.45
259776 6569.62
261624 6802.37
262520 7169.06
263480 6968.78
264408 6856.55
266272 6849.38
266848 6824.7
268432 6773.79
269168 6799.05
270416 6807.52
271344 6815.91
273024 6773.04
273648 6798.45
275088 6897.11
275856 6769.18
277104 6763.63
278056 6762.55
279968 6863.58
280480 6837.75
282208 6774.72
283168 6794.07
284224 6800.82
285104 6749.03
286640 6800.01
287288 6750.45
289232 6800.13
290192 6791.43
291488 6749.17
292160 6798.61
294120 6796.32
294760 6838.78
296552 6794.57
297416 6864.45
298376 6842.98
299336 7028.09
301016 6815.24
301672 6881.24
303664 7025.96
